[header]
width=96
height=16
tilewidth=64
tileheight=64
orientation=orthogonal

[tilesets]
tileset=../graveyard_tile.png,64,64,0,0
tileset=../Zombies/zombie_m.png,128,154,0,0
tileset=../Zombies/zombie_f.png,128,142,0,0
tileset=../Ninja_Girl/ninja_girl.png,128,138,0,0

[layer]
type=Tile
data=
0,0,0,0,0,0,0,0,0,0,0,0,0,0,0,0,0,0,0,0,0,0,0,0,0,0,0,0,0,0,0,0,0,0,0,0,0,0,0,0,0,0,0,0,0,0,0,0,0,0,0,0,0,0,0,0,0,0,0,0,0,0,0,0,0,0,0,0,0,0,0,0,0,0,0,0,0,0,0,0,0,0,0,0,0,0,0,0,0,0,0,0,0,0,0,0,
0,0,0,0,0,0,0,0,0,0,0,0,0,0,0,0,0,0,0,0,0,0,0,0,0,0,0,0,0,0,0,0,0,0,0,0,0,0,0,0,0,0,0,0,0,0,0,0,0,0,0,0,0,0,0,0,0,0,0,0,0,0,0,0,0,0,0,0,0,0,0,0,0,0,0,0,0,0,0,0,0,0,0,0,0,0,0,0,0,0,0,0,0,0,0,0,
0,0,0,0,0,0,0,0,0,0,0,0,0,0,0,0,0,0,0,0,0,0,0,0,0,0,0,0,0,0,0,0,0,0,0,0,0,0,0,0,0,0,0,0,0,0,0,0,0,0,0,0,0,0,0,0,0,0,0,0,0,0,0,0,0,0,0,0,0,0,0,0,0,0,0,0,0,0,0,0,0,0,0,0,0,0,0,0,0,0,0,0,0,0,0,0,
0,0,0,0,0,0,0,0,0,0,0,0,0,0,0,0,0,0,0,0,0,0,0,0,0,0,0,0,0,0,0,0,0,0,0,0,0,0,0,0,0,0,0,0,0,0,0,0,0,0,0,0,0,0,0,0,0,0,0,0,0,0,0,0,0,0,0,0,0,0,0,0,0,0,0,0,0,0,0,0,0,0,0,0,0,0,0,0,0,0,0,0,0,0,0,0,
0,0,0,0,0,0,0,0,0,0,0,0,0,0,0,0,0,0,0,0,0,0,0,0,0,0,0,0,0,0,0,0,0,0,0,0,0,0,0,0,0,0,0,0,0,0,0,0,0,0,0,0,0,0,0,0,0,0,0,0,0,0,0,0,0,0,0,0,0,0,0,0,0,0,0,0,0,0,0,0,0,0,0,0,0,0,0,0,0,0,0,0,0,0,0,0,
0,0,0,0,0,0,0,0,0,0,0,0,0,0,0,0,0,0,0,0,0,0,0,0,0,0,0,0,0,0,0,0,0,0,0,0,0,0,0,0,0,0,0,0,0,0,0,0,0,0,0,0,0,0,0,0,0,0,0,0,0,0,0,0,0,0,0,0,0,0,0,0,0,0,0,0,0,0,0,0,0,0,0,0,0,0,0,0,0,0,0,0,0,0,0,0,
0,0,0,0,0,0,0,0,0,0,0,0,0,0,0,0,0,0,0,0,0,0,0,0,0,0,0,0,0,0,0,0,0,0,0,0,0,0,0,0,0,0,0,0,0,0,0,0,0,0,0,0,0,0,0,0,0,0,0,0,0,0,0,0,0,0,0,0,0,0,0,0,0,0,0,0,0,0,0,0,0,0,0,0,0,0,0,0,0,0,0,0,0,0,0,0,
0,0,0,0,0,0,0,0,0,0,0,0,0,0,0,0,0,0,0,0,0,0,0,0,0,0,0,0,0,0,0,0,0,0,0,0,0,0,0,0,0,0,0,0,0,0,0,0,0,0,0,0,0,0,0,0,0,0,0,0,0,0,0,0,0,0,0,0,0,0,0,0,0,0,0,0,0,0,0,0,0,0,0,0,0,0,0,0,0,0,0,0,0,0,0,0,
5,6,6,6,6,6,6,6,6,6,6,7,0,0,0,0,0,0,0,0,0,0,0,0,0,0,0,0,0,0,0,0,0,0,0,0,0,0,0,0,0,0,0,0,0,0,0,0,0,0,0,0,0,0,0,0,0,0,0,0,0,0,0,0,0,0,0,0,0,0,0,0,0,0,0,0,0,0,0,0,0,0,0,0,0,0,0,0,0,0,0,0,0,0,0,0,
8,9,9,9,9,9,9,9,9,9,9,10,0,0,0,0,0,0,0,0,0,0,0,0,0,0,0,0,0,5,6,6,6,6,6,6,6,6,7,0,0,0,0,0,0,0,0,0,0,0,0,0,0,0,0,0,0,0,0,0,0,0,18,19,19,19,19,19,19,19,19,19,19,19,19,19,19,20,0,0,0,0,0,0,0,0,0,0,0,0,0,0,0,0,0,0,
8,9,9,9,9,9,9,9,9,9,9,10,0,0,0,0,5,6,6,6,6,6,6,6,7,0,0,0,0,8,9,9,9,9,9,9,9,9,10,0,0,0,0,0,0,0,0,0,0,0,0,0,0,0,0,0,0,0,0,0,0,0,0,0,0,0,0,0,0,0,0,0,0,0,0,0,0,0,0,0,0,5,6,7,0,0,0,0,0,0,0,0,0,0,0,0,
8,9,9,9,9,9,9,9,9,9,9,10,0,0,0,0,8,9,9,9,9,9,9,9,10,0,0,0,0,8,9,9,9,9,9,9,9,9,10,0,0,0,0,0,0,0,0,0,0,0,0,0,18,19,19,19,20,0,0,0,0,0,0,0,0,0,0,0,0,0,0,0,0,0,0,0,0,0,0,0,0,8,9,10,0,0,0,0,0,0,0,0,0,0,0,0,
8,9,9,9,9,9,9,9,9,9,9,10,0,0,0,0,8,9,9,9,9,9,9,9,10,0,0,0,0,8,9,9,9,9,9,9,9,9,10,0,0,0,0,0,0,0,0,0,0,0,0,0,0,0,0,0,0,0,0,0,0,0,0,0,0,0,0,0,0,0,0,0,0,0,0,0,0,0,0,0,0,8,9,14,6,6,7,0,0,0,0,0,0,0,0,0,
8,9,9,9,9,9,9,9,9,9,9,10,0,0,0,0,8,9,9,9,9,9,9,9,10,0,0,0,0,8,9,9,9,9,9,9,9,9,10,0,0,0,18,19,19,19,20,0,0,0,0,0,0,0,0,0,0,0,0,0,0,0,0,0,0,0,0,0,0,0,0,0,0,0,0,0,0,0,0,0,0,8,9,9,9,9,10,0,0,0,0,18,19,19,19,20,
8,9,9,9,9,9,9,9,9,9,9,10,0,0,0,0,8,9,9,9,9,9,9,9,10,0,0,0,0,8,9,9,9,9,9,9,9,9,10,0,0,0,0,0,0,0,0,0,0,0,0,0,0,0,0,0,0,0,0,0,0,0,0,0,0,0,0,0,0,0,0,0,0,0,0,0,0,0,0,0,0,8,9,9,9,9,14,6,6,6,0,0,0,0,0,0,
16,13,13,13,13,13,13,13,13,13,13,10,0,0,0,0,16,13,13,13,13,13,13,13,17,0,0,0,0,16,13,13,13,13,13,13,13,13,10,0,0,0,0,0,0,0,0,0,0,0,0,0,0,0,0,0,0,0,0,0,0,0,0,0,0,0,0,0,0,0,0,0,0,0,0,0,0,0,0,0,0,16,13,13,13,13,13,13,13,13,0,0,0,0,0,0


[Entity]
# zombie_male
type=zombie_m
location=20,10,2,2

[Entity]
# zombie_male
type=zombie_m
location=36,8,2,2

[Entity]
# zombie_male
type=zombie_m
location=64,9,2,2

[Entity]
# zombie_girl
type=zombie_f
location=32,9,2,2

[Entity]
# zombie_girl
type=zombie_f
location=72,9,2,2

[Entity]
# ninja
type=ninja
location=3,8,2,2

